	date	P_2006	P_2008	P_2009	P_2010	P_2011	P_2012	P_2013	P_2014	P_2015	P_2016	P_2017	Month	day
1	1	0	0	11.4	2.6	0	2.5	0	7.3	0	8.3	38.1	May	May.1
2	2	17.2	0	0.4	0	0.2	0.9	0	0	0	1.3	0	May	May.2
3	3	3.2	4.8	0	2.6	21.9	0	0	0.5	0	0	0	May	May.3
4	4	0.6	2.6	0	0.4	6	1.1	0	18.4	0.8	0	0	May	May.4
5	5	0	0	0	0.6	8.2	0	0	0	0.2	0	19.9	May	May.5
6	6	5.4	0	0.2	6.6	0	0	0	0	0	0	8.9	May	May.6
7	7	0	6.6	10.4	0	0	0	0	0	0	1.2	6.3	May	May.7
8	8	0	0.6	1	11.6	0	15.5	0.2	0	0	8	0.2	May	May.8
9	9	0	0	4.8	2.2	0	0.6	0	3.1	8.5	0	0	May	May.9
10	10	0	0	3.4	0	0	0	0	4.2	0.9	0	0	May	May.10
11	11	12.8	0	0	0	0	0.7	14.2	0	17.9	0	0	May	May.11
12	12	5.4	0	0	0	0	0	0	0	9.1	0	0	May	May.12
13	13	12.2	0	0	0	0.6	3	0	0.3	0	4	1.2	May	May.13
14	14	1.4	0	5.4	6	25.7	0	0	0	0	5.1	3.5	May	May.14
15	15	4.4	4.6	0	2.2	11.8	0.3	1	0	0	0.4	0	May	May.15
16	16	13.4	0	14.4	0.2	13.7	0	0	28	0	0	0	May	May.16
17	17	2	0.9	0	0	0.4	0	0	10.7	0	0	0	May	May.17
18	18	4.4	3.6	0	0	0.2	0	0	0	9	0	0	May	May.18
19	19	41.6	8.6	0	0	0.7	0	3.6	0	0	0	0.2	May	May.19
20	20	3.4	0.9	0.8	0	0	0	3.5	0	0	0	0	May	May.20
21	21	7	0	0	0	1.4	0	4.1	0	0	0	2.3	May	May.21
22	22	0.2	0	0	0	5.1	21.7	5.9	0.2	0	0	6.1	May	May.22
23	23	0	0	0	0	2.1	0	5.4	0	0	0	0	May	May.23
24	24	0	0.2	0	0	0.2	0	6.1	0	0	0	0	May	May.24
25	25	0	0	0	0	0	5	13.2	3.8	23.3	0	9.6	May	May.25
26	26	0.8	0	0	0	4.4	0	12.7	3	0	0	1.2	May	May.26
27	27	0.2	0	5.4	0	11.1	0	0	3.9	0	1	0	May	May.27
28	28	0	0	9.8	0	6.2	0	0	0.2	4.7	0	0	May	May.28
29	29	0	0	8.4	0	6.1	25.8	19	0	0.2	0	6.4	May	May.29
30	30	0	0.5	1.6	0	0	0	0	1.5	4.2	0	8.4	May	May.30
31	31	19.4	30.8	2.6	0	0	0.3	0	0	1.2	0	1.3	May	May.31
32	32	5.8	2.5	4.6	15.6	0	0	11.7	0	1.8	0	0	June	Jun.1
33	33	0	13.8	0.2	2.2	0	21	12.1	0	1.3	4.4	4.5	June	Jun.2
34	34	8	0.7	0	19	0	0	0	20.9	0	0	0	June	Jun.3
35	35	0	0	0	0	0	0.2	0	0	0	0	0	June	Jun.4
36	36	0	0.4	0	5.8	0	1	0	0	6.7	30.7	39.6	June	Jun.5
37	37	0	1	0	12.6	0	0	6.7	0	0	0.7	9.9	June	Jun.6
38	38	0	0	0	0.4	0	0.2	9	0	0	0.5	0	June	Jun.7
39	39	0.6	0.7	0	0.6	10.5	0	3.8	0	26	0.6	0	June	Jun.8
40	40	4.8	0.6	16.6	0	0.4	0.2	0	0	7.7	0	0	June	Jun.9
41	41	22	1	0	2.8	0	0	0.2	0	2.4	0	0	June	Jun.10
42	42	3	0	1.2	0	0	0	33	8.8	0	0	0.2	June	Jun.11
43	43	0	0	5.8	0.2	30.1	15.1	2.5	24.6	10.6	0	2	June	Jun.12
44	44	0	0	0	0	9.5	0	0	40.1	0	4.5	0	June	Jun.13
45	45	0	0	0	3.2	0	0	0	1.6	0	0	0	June	Jun.14
46	46	0	0	2.6	0	0	0	0	0	0	0	4.4	June	Jun.15
47	47	0	0	0.2	29.4	0	0	10.3	0	24.1	0	18.6	June	Jun.16
48	48	0	0	0	4.4	0	0	0	22.7	0	0	0	June	Jun.17
49	49	0	0.3	10.2	0	4.3	0	0	1.2	3.6	0	0	June	Jun.18
50	50	1.4	0.9	0.8	12.8	0	0	0	0	0	0	0.5	June	Jun.19
51	51	8.2	4.7	0	0.2	0	0	0	0	0	0	16	June	Jun.20
52	52	0	0	0	0	0	0	0	0	19.4	0	0	June	Jun.21
53	53	0.4	2	0	0.2	0	0	11.8	0	6.6	6.9	2.4	June	Jun.22
54	54	0	1.3	0	8	5.2	1.5	2.9	0	1.4	0	9	June	Jun.23
55	55	0	0	0	12.4	14.8	0.9	3.5	43.5	2.9	0	0	June	Jun.24
56	56	0.4	0	0.4	0	10.4	10.2	4.4	0	0.2	0	0	June	Jun.25
57	57	1.4	0	0.2	0	0	3.4	0	0	0	0	1.5	June	Jun.26
58	58	13	0.6	4.6	0	0	4.8	0	0	0	2.4	1.4	June	Jun.27
59	59	8	6.5	0	20.2	0.2	0.2	17.4	0	11.4	7.8	0	June	Jun.28
60	60	0	17.6	14	0.6	0.3	2.9	0	0	0	1.1	3.1	June	Jun.29
61	61	13.6	0.7	3.6	0.6	0.7	0.2	0	0	2.8	0	5.7	June	Jun.30
62	62	3.8	0	3.6	0.4	0	0	0	0	9.2	3.7	5.2	July	Jul.1
63	63	18.4	0	1.2	0	0	0	0.2	0	0	0	0	July	Jul.2
64	64	1.2	8.1	20	0	15.4	0.7	0	0	0	1.3	0	July	Jul.3
65	65	16.8	0	1.2	0	0	19	0	3	0	0	0	July	Jul.4
66	66	0.6	0	0	0	0	0	1.7	0	0	0	0	July	Jul.5
67	67	0	0	0.8	0	2.2	0	0	0	0	0	0	July	Jul.6
68	68	0	0	4.4	0	0	0	7.2	8.9	1.2	0	10	July	Jul.7
69	69	0	0.5	0.2	0	7.8	0	1.2	6.3	0.5	0	20.7	July	Jul.8
70	70	0	12.5	0	41	0	0	0	0	0	16.1	0.2	July	Jul.9
71	71	5	0	0	0.4	0	0	2.1	0	0	0.8	2.1	July	Jul.10
72	72	0	0	36.8	0	1.3	0	0	0	0	0	0	July	Jul.11
73	73	0.2	0.3	0.2	0	0	0	0	0	0	0	0.5	July	Jul.12
74	74	0	14.8	8.8	3.8	13.5	0	0	9.8	0	0	0.2	July	Jul.13
75	75	0	1.1	0.2	0	0	0	0	0	0	6.3	8.5	July	Jul.14
76	76	2.4	0	0	0	0.2	4.5	0	2.1	0	0.7	0.2	July	Jul.15
77	77	0	0	1	0.6	0	0.8	0	0	0	0	2.4	July	Jul.16
78	78	6	0.2	0.2	17.8	0.3	35	22	0	5	0	1.7	July	Jul.17
79	79	0.6	36.8	3.2	0	0.3	0	2.3	0	1.7	16	0	July	Jul.18
80	80	0	0	0.2	16.4	0	0	20.8	0	41.2	0.2	7.5	July	Jul.19
81	81	13.2	0.7	0	0	0	0	5.2	0	0	0	8.9	July	Jul.20
82	82	1.4	6.2	1.2	10.2	5.8	0	0	0	30.5	1.6	0	July	Jul.21
83	83	3	14.4	0.8	0.2	0	0	0	0	0.2	1.5	0	July	Jul.22
84	84	1.6	0.7	0	1	0	25.4	10.8	11.2	0.3	17.4	0	July	Jul.23
85	85	0	4.2	0	0.2	0	0	0.2	0	1.1	0	15.4	July	Jul.24
86	86	26.4	0	0	0	1.1	0	0	0	3.4	4.7	1.1	July	Jul.25
87	87	0	4.9	16.6	0	4.4	0	0	0	0	0	0	July	Jul.26
88	88	0	0	0.2	0	0.2	0	0	9.1	1	0	0	July	Jul.27
89	89	0	1.8	0	0	0	0	11	8.2	0.2	0	0	July	Jul.28
90	90	0	0	0.2	0	4.3	0	3.1	0	0	0	0	July	Jul.29
91	91	0	4.1	0.2	0	0	0	0	0.5	4	0	0	July	Jul.30
92	92	0	1	0.2	0	0	3	0	12.3	0	0	36.6	July	Jul.31
93	93	12.6	0	0	0	25.5	0.4	7.4	0	7.2	0	0	August	Aug.1
94	94	45.4	4.6	17	11.8	1.7	0	0	0	0.2	0	0	August	Aug.2
95	95	4	21.6	0	50.6	0	0	0.7	0	0.2	0	0	August	Aug.3
96	96	1.4	0.2	3.6	16.2	0	0	0.2	0	3.2	0	32.1	August	Aug.4
97	97	0	0	0	4.8	0	14.1	0.2	1.1	0.2	0	10.4	August	Aug.5
98	98	0	12.3	2.2	0.2	1.2	0	0	0	0	0	0	August	Aug.6
99	99	0.6	0	0.4	0	3	0	0	5.3	0	0	0	August	Aug.7
100	100	0	14.9	0	19	0.5	0	0	0.2	0	0	0.2	August	Aug.8
101	101	0	0	0	0.4	39.4	2.2	6.1	0	0	0	0	August	Aug.9
102	102	4.6	0	0.4	0	7.8	9.2	0	0.2	26.8	0	0	August	Aug.10
103	103	0	1.5	5.4	0	0	11.1	0	0	45.5	0	0	August	Aug.11
104	104	0	0	0.2	0	0	1.7	0.2	1.7	1.6	2.1	5.5	August	Aug.12
105	105	0	0	0	0	0	0	12.1	42.3	0	32.6	0.6	August	Aug.13
106	106	3	0	0	0	21.4	0	2.3	0	3.7	15.9	0	August	Aug.14
107	107	0.2	0	0	13.2	0	1.8	0	4	0.5	0	6.9	August	Aug.15
108	108	0	0	0	13	10.3	0	0	11.8	0	70.9	0	August	Aug.16
109	109	0	0	0.2	0	0	0	0	0	0	0.2	0	August	Aug.17
110	110	0	13.9	0	0	1.2	0	0	0	4.3	0	18.1	August	Aug.18
111	111	17.6	0	0	0	0	0	0	0	0.2	0	0	August	Aug.19
112	112	11.6	0	4	0	0	0	0	0	8.6	0	0	August	Aug.20
113	113	2.2	0	13.2	1	37.5	0	0	0	5.5	16.4	0	August	Aug.21
114	114	0	0	0	6.6	2.2	0	6.8	0	0	0	8.8	August	Aug.22
115	115	0	0	16.8	0	0	0	0.2	0	0	0	0	August	Aug.23
116	116	0.4	0.3	0	0	0	0	0	0	0	0	0	August	Aug.24
117	117	0	0	0	0	7.9	0	4.1	0	1.1	0.6	0	August	Aug.25
118	118	0	0	0	0.6	0	0	0	0	0	0	0	August	Aug.26
119	119	35.4	0	0	0	0	0.8	0	0	0	0	0	August	Aug.27
120	120	0.2	0	0	0	51.4	0	4.2	0	0	0	0	August	Aug.28
121	121	0	0	5.6	0	1.6	0	0	0	0	0	0	August	Aug.29
122	122	0	0.3	2	0	0	0	17.6	0	0	0	0	August	Aug.30
123	123	0	0	0	0	0	0	0	9.8	0	7.4	0.5	August	Aug.31
